<?xml version="1.0" encoding="UTF-8"?>
<document version="1.5.0">
  <chunk label="Chunk 1" enabled="true">
    <sensors next_id="1">
      <sensor id="0" label="Pixel 6, Pixel 6 back camera 2.35mm f/2.2 (2.35mm)" type="frame">
        <resolution width="3072" height="4080"/>
        <property name="pixel_width" value="0.0012442772745248519"/>
        <property name="pixel_height" value="0.0012442772745248519"/>
        <property name="focal_length" value="2.3500000000000001"/>
        <property name="layer_index" value="0"/>
        <bands>
          <band label="Red"/>
          <band label="Green"/>
          <band label="Blue"/>
        </bands>
        <data_type>uint8</data_type>
        <calibration type="frame" class="adjusted">
          <resolution width="3072" height="4080"/>
          <f>1941.1538091173893</f>
          <cx>-14.320438010082972</cx>
          <cy>4.672660450424134</cy>
          <k1>-0.016067994262301544</k1>
          <k2>0.015510154429709298</k2>
          <k3>-0.002270542577610086</k3>
          <p1>0.00041973930073336451</p1>
          <p2>0.00051868826170838175</p2>
        </calibration>
        <covariance>
          <params>f cx cy k1 k2 k3 p1 p2</params>
          <coeffs>6.4417499016964586e-02 1.1175136527332795e-04 -8.7825007443340528e-02 -2.8641034257434182e-05 4.5109474094100720e-05 -1.6619028524917073e-05 -3.1317934913412785e-07 -8.6582125608488212e-06 1.1175136527332795e-04 7.7156265202514007e-02 -2.4091969301631815e-03 -3.2250677420628824e-06 2.7558724631210159e-06 -1.2898992663315342e-06 1.3303515564830634e-05 1.3555858335466130e-06 -8.7825007443340528e-02 -2.4091969301631815e-03 3.0870705861923847e-01 -4.5138036902061470e-06 -1.1445321776138629e-05 5.0475610473198502e-06 4.0918365085366508e-07 2.9351788213922771e-05 -2.8641034257434182e-05 -3.2250677420628824e-06 -4.5138036902061470e-06 7.5019605774044319e-08 -8.5757658422655249e-08 3.2471352215273529e-08 -3.4932985947825192e-10 -8.4053769731036771e-11 4.5109474094100720e-05 2.7558724631210159e-06 -1.1445321776138629e-05 -8.5757658422655249e-08 1.1505825031493584e-07 -4.5638322201286545e-08 2.1041686232296026e-10 -1.9191042299713536e-09 -1.6619028524917073e-05 -1.2898992663315342e-06 5.0475610473198502e-06 3.2471352215273529e-08 -4.5638322201286545e-08 1.8727607949155932e-08 -9.7683508352077461e-11 7.8611428074000356e-10 -3.1317934913412785e-07 1.3303515564830634e-05 4.0918365085366508e-07 -3.4932985947825192e-10 2.1041686232296026e-10 -9.7683508352077461e-11 2.4785988124788332e-09 2.5829058514871256e-10 -8.6582125608488212e-06 1.3555858335466130e-06 2.9351788213922771e-05 -8.4053769731036771e-11 -1.9191042299713536e-09 7.8611428074000356e-10 2.5829058514871256e-10 4.7295841665871143e-09</coeffs>
        </covariance>
        <meta>
          <property name="Exif/LensModel" value="Pixel 6 back camera 2.35mm f/2.2"/>
          <property name="Exif/Make" value="Google"/>
          <property name="Exif/Model" value="Pixel 6"/>
          <property name="Exif/Software" value="HDR+ 1.0.478604551zd"/>
        </meta>
      </sensor>
    </sensors>
    <components next_id="1" active_id="0">
      <component id="0" label="Component 1">
        <region>
          <center>2.5851055196943862e-02 -6.7340178147748175e-01 -7.5386264452605083e+00</center>
          <size>1.9993903716405235e+01 2.2949242432912193e+01 1.7977961142857872e+01</size>
          <R>-9.1217830742934192e-01 -9.4599155456950260e-02 -3.9872513745959515e-01 -3.4770306560299136e-01 -3.3626024796755932e-01 8.7523232561821984e-01 -2.1687165242516865e-01 9.3700589401754963e-01 2.7383688749098345e-01</R>
        </region>
        <partition>
          <camera_ids>0 1 2 3 4 5 6 7 8 9 10 11 12 13 14 15 16 17 18 19 20 21 22 23 24 25 26 27 28 29</camera_ids>
        </partition>
      </component>
    </components>
    <cameras next_id="30" next_group_id="0">
      <camera id="0" sensor_id="0" component_id="0" label="PXL_20221208_192348477">
        <transform>7.0653615629627819e-01 1.0375797784885443e-01 -7.0002924358829299e-01 6.3470154205329923e+00 1.2755302432866233e-01 -9.9166392303520434e-01 -1.8245266099437718e-02 4.8355482562223717e-03 -6.9608683785192560e-01 -7.6399906957693470e-02 -7.1388106039182941e-01 -1.0170675408424805e+00 0 0 0 1</transform>
        <orientation>1</orientation>
      </camera>
      <camera id="1" sensor_id="0" component_id="0" label="PXL_20221208_192351096">
        <transform>8.5354804776345417e-01 8.3883812330137933e-02 -5.1421710997219694e-01 5.2615883482636416e+00 1.1080215301030787e-01 -9.9360260055590854e-01 2.1834721358793469e-02 -1.8147891709560943e-01 -5.0909587804997636e-01 -7.5613346688914868e-02 -8.5738206696607833e-01 -3.5634038256565814e-01 0 0 0 1</transform>
        <rotation_covariance>3.0732103947863357e-09 7.1352900004273722e-10 -6.0243442065327313e-10 7.1352900004273691e-10 5.4961225759466410e-09 -2.5566621588813253e-09 -6.0243442065327354e-10 -2.5566621588813257e-09 5.3804547811923153e-09</rotation_covariance>
        <location_covariance>5.4505904158895710e-07 8.8740063401269527e-08 -3.0605523765782957e-07 8.8740063401269527e-08 3.1859601072838982e-07 -7.1613671640599920e-08 -3.0605523765782957e-07 -7.1613671640599920e-08 3.7478414624516112e-07</location_covariance>
        <orientation>1</orientation>
      </camera>
      <camera id="2" sensor_id="0" component_id="0" label="PXL_20221208_192353645">
        <transform>9.6010571932659161e-01 6.8760541982683596e-02 -2.7105164744493843e-01 3.0450951103704202e+00 7.6438814950322814e-02 -9.9691430367441503e-01 1.7859974757736798e-02 -6.5463523068428864e-01 -2.6898720282823474e-01 -3.7866330632955456e-02 -9.6239909898079068e-01 4.9355410505897429e-01 0 0 0 1</transform>
        <rotation_covariance>5.0988512089709512e-09 1.6871526433596961e-09 -3.0703103354138396e-09 1.6871526433596965e-09 8.4229378159741981e-09 -4.9536017924342584e-09 -3.0703103354138387e-09 -4.9536017924342576e-09 1.6789843182540900e-08</rotation_covariance>
        <location_covariance>1.9531904949093939e-06 3.0959307930354242e-07 -6.7681765461464756e-07 3.0959307930354242e-07 5.2825238322021813e-07 -1.2530683319886777e-07 -6.7681765461464756e-07 -1.2530683319886777e-07 8.1143556424518747e-07</location_covariance>
        <orientation>1</orientation>
      </camera>
      <camera id="3" sensor_id="0" component_id="0" label="PXL_20221208_192357389">
        <transform>9.9990012942666606e-01 -3.0439020442174529e-03 1.3800935942250330e-02 -1.4005332504481788e-01 -2.9249033568113365e-03 -9.9995844423271452e-01 -8.6345091372755922e-03 1.3719778765140661e-01 1.3826645033781766e-02 8.5932804000332097e-03 -9.9986748092888589e-01 1.5658752896334990e-02 0 0 0 1</transform>
        <rotation_covariance>1.1518587914360486e-08 3.9590964186643580e-09 -1.0908218501865798e-08 3.9590964186643580e-09 1.4593994474766890e-08 -1.1284509374812323e-08 -1.0908218501865799e-08 -1.1284509374812321e-08 3.6323857690586656e-08</rotation_covariance>
        <location_covariance>5.5669513512460076e-06 3.7583510988922861e-08 -5.2829492553908957e-07 3.7583510988922861e-08 1.4055923999624302e-06 -5.3032733095030195e-08 -5.2829492553908957e-07 -5.3032733095030195e-08 1.3902088420581528e-06</location_covariance>
        <orientation>1</orientation>
      </camera>
      <camera id="4" sensor_id="0" component_id="0" label="PXL_20221208_192358758">
        <transform>9.9617597728654483e-01 2.0325659528457083e-02 -8.4972288670659368e-02 8.5614540719109522e-01 2.1184932882839791e-02 -9.9973303305190742e-01 9.2228652588781379e-03 -7.9690277780675373e-04 -8.4762143058951731e-02 -1.0987729045034422e-02 -9.9634062895903563e-01 -2.1196859139467819e-01 0 0 0 1</transform>
        <rotation_covariance>8.7725376193968908e-09 2.8328217894064847e-09 -7.2305653288989302e-09 2.8328217894064847e-09 1.1422056059073606e-08 -8.4573017895242368e-09 -7.2305653288989302e-09 -8.4573017895242384e-09 2.9085327750480492e-08</rotation_covariance>
        <location_covariance>4.0150727282852054e-06 8.8888632640252483e-08 -4.8320193227997775e-07 8.8888632640252483e-08 1.1192377321387367e-06 -1.0337747189307863e-07 -4.8320193227997775e-07 -1.0337747189307863e-07 1.0764184931619981e-06</location_covariance>
        <orientation>1</orientation>
      </camera>
      <camera id="5" sensor_id="0" component_id="0" label="PXL_20221208_192400501">
        <transform>9.7404213792025418e-01 4.0712294558816607e-02 -2.2267559953326063e-01 2.0585609534300899e+00 3.7347976961614494e-02 -9.9911591472194949e-01 -1.9300714136989111e-02 -2.1798412463117381e-01 -2.2326451167307274e-01 1.0483225700098492e-02 -9.7470152344515437e-01 -6.2595822443418780e-01 0 0 0 1</transform>
        <rotation_covariance>6.0967579066924409e-09 2.0111573343593661e-09 -3.4729666526165948e-09 2.0111573343593657e-09 9.4980962621421893e-09 -6.5265689739148522e-09 -3.4729666526165973e-09 -6.5265689739148522e-09 1.9513642153461539e-08</rotation_covariance>
        <location_covariance>2.4902965027774326e-06 1.2896019887387258e-07 -3.4878878792814576e-07 1.2896019887387258e-07 8.1452618992201190e-07 -6.6183998109713939e-08 -3.4878878792814576e-07 -6.6183998109713939e-08 7.0330293614906325e-07</location_covariance>
        <orientation>1</orientation>
      </camera>
      <camera id="6" sensor_id="0" component_id="0" label="PXL_20221208_192405432">
        <transform>4.4961671764861000e-01 -2.5156778853109230e-01 8.5706385700510501e-01 -6.6121499159716590e+00 -1.7508620353476587e-01 -9.6572741321964384e-01 -1.9161259010795317e-01 1.8441837718581151e+00 8.7589361713776270e-01 -6.3907833085400975e-02 -4.7825323870064440e-01 -2.3137358659939320e+00 0 0 0 1</transform>
        <rotation_covariance>1.4357714749267612e-07 4.1373279016552806e-08 -9.2331302094065952e-08 4.1373279016552806e-08 3.2386888672804929e-08 -4.2440352614199400e-08 -9.2331302094065939e-08 -4.2440352614199400e-08 1.1736002014023409e-07</rotation_covariance>
        <location_covariance>2.0311547378528296e-05 1.7143197182076592e-06 4.3712762117942198e-06 1.7143197182076592e-06 7.6425999430973586e-06 2.6190011304325923e-06 4.3712762117942198e-06 2.6190011304325923e-06 7.6154785300423068e-06</location_covariance>
        <orientation>1</orientation>
      </camera>
      <camera id="7" sensor_id="0" component_id="0" label="PXL_20221208_192406813">
        <transform>4.1364931481781037e-01 -2.6102414515328021e-01 8.7221593656488283e-01 -7.1312774465292224e+00 -1.9666624724923834e-01 -9.6101922605565870e-01 -1.9433073443046259e-01 1.8396147058956487e+00 8.8894129814271650e-01 -9.1150659889992325e-02 -4.4885958345340138e-01 -3.6319339549519021e+00 0 0 0 1</transform>
        <rotation_covariance>1.5141116786665770e-07 3.9404054512721878e-08 -9.7272718534294245e-08 3.9404054512721872e-08 2.8022858430184413e-08 -3.8986334120590383e-08 -9.7272718534294258e-08 -3.8986334120590383e-08 1.1715157672347671e-07</rotation_covariance>
        <location_covariance>2.0394510026418670e-05 1.8061740512756626e-06 5.3111382192066215e-06 1.8061740512756626e-06 9.5532530901147564e-06 3.0284321983332806e-06 5.3111382192066215e-06 3.0284321983332806e-06 8.1984371968928667e-06</location_covariance>
        <orientation>1</orientation>
      </camera>
      <camera id="8" sensor_id="0" component_id="0" label="PXL_20221208_192408335">
        <transform>2.3179331050685689e-01 -2.7597430638426657e-01 9.3279689290863022e-01 -7.6712618025387300e+00 -1.7598363876310263e-01 -9.5498698901770462e-01 -2.3880873035673578e-01 1.8597913205463437e+00 9.5671396984259061e-01 -1.0880272525364978e-01 -2.6992655831801582e-01 -4.9439184677879826e+00 0 0 0 1</transform>
        <rotation_covariance>1.9103076890881700e-07 4.4170835480698248e-08 -1.0115955604541808e-07 4.4170835480698248e-08 2.5955039557807558e-08 -3.1984784501773353e-08 -1.0115955604541808e-07 -3.1984784501773360e-08 9.6939698902922652e-08</rotation_covariance>
        <location_covariance>2.0917040149325579e-05 1.8015506674306437e-06 6.2937848929942223e-06 1.8015506674306437e-06 1.1907702633643781e-05 3.7136397683555909e-06 6.2937848929942223e-06 3.7136397683555909e-06 9.2946973188708955e-06</location_covariance>
        <orientation>1</orientation>
      </camera>
      <camera id="9" sensor_id="0" component_id="0" label="PXL_20221208_192410207">
        <transform>3.9564033663475051e-04 -2.6457130563097775e-01 9.6436604445897212e-01 -7.8759665474372387e+00 -1.8805919951100786e-01 -9.4717928770835724e-01 -2.5977901072944276e-01 1.8393607558275236e+00 9.8215761512498778e-01 -1.8125512730129550e-01 -5.0129810282786236e-02 -6.5617101362787995e+00 0 0 0 1</transform>
        <rotation_covariance>2.4148164905374876e-07 3.8229804960872616e-08 -9.5747812041070375e-08 3.8229804960872610e-08 1.9602001147351456e-08 -1.9071354797036417e-08 -9.5747812041070375e-08 -1.9071354797036417e-08 7.2862682476993429e-08</rotation_covariance>
        <location_covariance>2.0812592697734428e-05 1.7652057100976540e-06 7.3025759152642050e-06 1.7652057100976540e-06 1.4714234018717035e-05 4.0114197411472683e-06 7.3025759152642050e-06 4.0114197411472683e-06 1.0595310054223176e-05</location_covariance>
        <orientation>1</orientation>
      </camera>
      <camera id="10" sensor_id="0" component_id="0" label="PXL_20221208_192415734">
        <transform>-4.0460998536228310e-01 -3.2431030852018627e-01 8.5505180166623485e-01 -7.3924150822355141e+00 -1.3459145792464713e-01 -9.0370444349282986e-01 -4.0645223368193306e-01 3.2484945996776471e+00 9.0453076188643255e-01 -2.7953730090786921e-01 3.2199844440973985e-01 -1.0329257473140556e+01 0 0 0 1</transform>
        <rotation_covariance>3.1064302452099265e-07 3.0956814478372674e-08 -4.9808001525125840e-08 3.0956814478372674e-08 1.6621354090505832e-08 -8.4144683477367492e-09 -4.9808001525125833e-08 -8.4144683477367458e-09 3.8883631539219842e-08</rotation_covariance>
        <location_covariance>2.0539955961735940e-05 1.2582873369841260e-06 1.0106308702113828e-05 1.2582873369841260e-06 2.1581105912767433e-05 3.9873100042598335e-06 1.0106308702113828e-05 3.9873100042598335e-06 1.4936962524192132e-05</location_covariance>
        <orientation>1</orientation>
      </camera>
      <camera id="11" sensor_id="0" component_id="0" label="PXL_20221208_192417206">
        <transform>-2.2737603691447489e-01 -3.5301305668128768e-01 9.0756923683518564e-01 -7.0839341826901867e+00 -1.7067402943614268e-01 -9.0310844950433899e-01 -3.9403743998495888e-01 2.5954359314661981e+00 9.5873380743202041e-01 -2.4449317014265137e-01 1.4509505932490821e-01 -8.3558587977313188e+00 0 0 0 1</transform>
        <rotation_covariance>2.8104572937403954e-07 3.9580840454294068e-08 -7.4002730900099698e-08 3.9580840454294068e-08 1.9096420368355487e-08 -1.4967920749855709e-08 -7.4002730900099672e-08 -1.4967920749855709e-08 5.3337043015424583e-08</rotation_covariance>
        <location_covariance>1.9285278529216522e-05 1.0520142936475579e-06 8.2678504987449077e-06 1.0520142936475579e-06 1.6573094589019348e-05 3.8796416281009281e-06 8.2678504987449077e-06 3.8796416281009281e-06 1.1867162167032370e-05</location_covariance>
        <orientation>1</orientation>
      </camera>
      <camera id="12" sensor_id="0" component_id="0" label="PXL_20221208_192418416">
        <transform>-3.5792797168539309e-02 -3.6809329192057627e-01 9.2909967393919857e-01 -7.1827830496685650e+00 -2.0824043997728769e-01 -9.0654075562724989e-01 -3.6717812781378817e-01 2.3058420020778869e+00 9.7742252625408454e-01 -2.0661845713741614e-01 -4.4204279671048285e-02 -7.4523306837915477e+00 0 0 0 1</transform>
        <rotation_covariance>2.4563223098468745e-07 4.4809389513515725e-08 -9.3817072248720632e-08 4.4809389513515725e-08 2.2123788572236327e-08 -2.3700241517393487e-08 -9.3817072248720632e-08 -2.3700241517393494e-08 7.3108195827892982e-08</rotation_covariance>
        <location_covariance>1.9207404821549022e-05 1.0267952384917081e-06 7.6260006383869910e-06 1.0267952384917081e-06 1.5095047288053141e-05 3.7622869498913234e-06 7.6260006383869910e-06 3.7622869498913234e-06 1.0808989856038245e-05</location_covariance>
        <orientation>1</orientation>
      </camera>
      <camera id="13" sensor_id="0" component_id="0" label="PXL_20221208_192421235">
        <transform>-5.0237582742108766e-01 -3.7801944058311443e-01 7.7763733871529528e-01 -5.1555258206317864e+00 -4.1242763112883690e-02 -8.8786721080443098e-01 -4.5824758643027752e-01 2.3615835020578606e+00 8.6366519121346597e-01 -2.6228442294499488e-01 4.3045245842789481e-01 -1.1480129059068995e+01 0 0 0 1</transform>
        <rotation_covariance>3.1083421330876089e-07 4.0906632111802895e-08 -3.0924449090336137e-08 4.0906632111802915e-08 1.9547169033193531e-08 -7.7966137013864386e-09 -3.0924449090336150e-08 -7.7966137013864304e-09 3.4321333580152358e-08</rotation_covariance>
        <location_covariance>1.5173007010590422e-05 6.0661330028954795e-07 8.2632047409804497e-06 6.0661330028954795e-07 1.8723077309365015e-05 2.1976934452904569e-06 8.2632047409804497e-06 2.1976934452904569e-06 1.3952311838364318e-05</location_covariance>
        <orientation>1</orientation>
      </camera>
      <camera id="14" sensor_id="0" component_id="0" label="PXL_20221208_192422699">
        <transform>-6.1839628755509835e-01 -3.1364796453619659e-01 7.2056296454950564e-01 -4.7768525016491328e+00 -3.0437360089041063e-02 -9.0665548397859430e-01 -4.2077238559861668e-01 2.4839313618295877e+00 7.8527676563672855e-01 -2.8213611557870738e-01 5.5112576934605095e-01 -1.2468807239516913e+01 0 0 0 1</transform>
        <rotation_covariance>3.2244568530039409e-07 2.9200795021368307e-08 -1.0700513071173417e-08 2.9200795021368307e-08 1.6162863369849763e-08 -3.1106278039627586e-09 -1.0700513071173407e-08 -3.1106278039627607e-09 3.0542108637062696e-08</rotation_covariance>
        <location_covariance>1.4954867364134522e-05 9.9980412059920874e-07 8.5270555875688987e-06 9.9980412059920874e-07 2.0000953556879753e-05 1.9415342028862088e-06 8.5270555875688987e-06 1.9415342028862088e-06 1.5413637433057550e-05</location_covariance>
        <orientation>1</orientation>
      </camera>
      <camera id="15" sensor_id="0" component_id="0" label="PXL_20221208_192424056">
        <transform>-6.9064019365943430e-01 -2.7398975128970421e-01 6.6928748613003752e-01 -4.1345129836183361e+00 -8.6776803967388572e-03 -9.2224847492232487e-01 -3.8650025661877496e-01 2.5350754242668025e+00 7.2314647255240827e-01 -2.7274047497878573e-01 6.3456426982879810e-01 -1.3292601670545004e+01 0 0 0 1</transform>
        <rotation_covariance>3.2689962243370194e-07 2.4751801874629746e-08 2.6295361893711051e-09 2.4751801874629765e-08 1.5497334116889200e-08 -1.2069212633960918e-09 2.6295361893710555e-09 -1.2069212633960893e-09 3.0389224924217362e-08</rotation_covariance>
        <location_covariance>1.4359603221374074e-05 1.3501463070823021e-06 8.3665240025786843e-06 1.3501463070823021e-06 2.0477062175234959e-05 1.6617874268194678e-06 8.3665240025786843e-06 1.6617874268194678e-06 1.6588105775698833e-05</location_covariance>
        <orientation>1</orientation>
      </camera>
      <camera id="16" sensor_id="0" component_id="0" label="PXL_20221208_192426190">
        <transform>-8.2283102331808455e-01 -2.0886415403929870e-01 5.2851194141926638e-01 -3.2676598968569981e+00 8.5380900884082025e-03 -9.3444894471353190e-01 -3.5599476223872778e-01 2.3328745592180069e+00 5.6822197078514680e-01 -2.8841105194013400e-01 7.7067688238056642e-01 -1.3811924825112310e+01 0 0 0 1</transform>
        <rotation_covariance>3.2004876384229282e-07 1.1157476848122713e-08 3.8387862804470933e-08 1.1157476848122714e-08 1.4886433921929997e-08 8.2563587449900440e-11 3.8387862804470926e-08 8.2563587449902921e-11 3.6460058697389789e-08</rotation_covariance>
        <location_covariance>1.3341838963150204e-05 1.3832589439186280e-06 7.6464742102619422e-06 1.3832589439186280e-06 1.9707542844123517e-05 1.3782479910471799e-06 7.6464742102619422e-06 1.3782479910471799e-06 1.6918560947085236e-05</location_covariance>
        <orientation>1</orientation>
      </camera>
      <camera id="17" sensor_id="0" component_id="0" label="PXL_20221208_192429729">
        <transform>-9.7562485821765199e-01 -1.5866790713458118e-01 1.5159363863077702e-01 -7.3427015154374853e-01 7.0027239526906260e-02 -8.7979364406658911e-01 -4.7016946900481893e-01 3.0072194859645220e+00 2.0797192539385692e-01 -4.4809333749294267e-01 8.6945962479140348e-01 -1.4830184363024129e+01 0 0 0 1</transform>
        <rotation_covariance>2.7366369483466572e-07 -1.3322002349523036e-08 8.0746939635637709e-08 -1.3322002349523029e-08 2.0527600601931915e-08 -1.6354308791006996e-08 8.0746939635637709e-08 -1.6354308791006993e-08 7.2477244103028700e-08</rotation_covariance>
        <location_covariance>1.1895366914866183e-05 1.0101995618542502e-06 6.0768603143359181e-06 1.0101995618542502e-06 1.7856341506107515e-05 1.8867418053331040e-07 6.0768603143359181e-06 1.8867418053331040e-07 1.7278887010570801e-05</location_covariance>
        <orientation>1</orientation>
      </camera>
      <camera id="18" sensor_id="0" component_id="0" label="PXL_20221208_192430619">
        <transform>-9.7575416279854466e-01 -1.6790900955008009e-01 1.4039365474700727e-01 -4.4255340098732165e-01 8.7589028329614141e-02 -8.8741236929653522e-01 -4.5257866601927044e-01 3.0289774787204511e+00 2.0057910134803389e-01 -4.2930857355918212e-01 8.8060330045429369e-01 -1.4888679510385890e+01 0 0 0 1</transform>
        <rotation_covariance>2.7278111714238567e-07 -9.7039075403975364e-09 8.1079538672341270e-08 -9.7039075403975282e-09 1.9870465598477182e-08 -1.5030486405345975e-08 8.1079538672341256e-08 -1.5030486405345975e-08 7.3781492466850033e-08</rotation_covariance>
        <location_covariance>1.1743656806352398e-05 1.0198193416958125e-06 5.8967544611052276e-06 1.0198193416958125e-06 1.7457860118058346e-05 2.1772547332852506e-07 5.8967544611052276e-06 2.1772547332852506e-07 1.7342406621417582e-05</location_covariance>
        <orientation>1</orientation>
      </camera>
      <camera id="19" sensor_id="0" component_id="0" label="PXL_20221208_192431480">
        <transform>-9.8625385016681855e-01 -1.5320697417848364e-01 6.1894798603767558e-02 -2.6551687242341291e-03 1.1004580972641030e-01 -8.8843480778195971e-01 -4.4561587952304005e-01 3.0169105717493401e+00 1.2326095404784995e-01 -4.3267911364486611e-01 8.9308203532637820e-01 -1.4839142223652704e+01 0 0 0 1</transform>
        <rotation_covariance>2.5787519516502824e-07 -1.1473296862260854e-08 8.7761270997923040e-08 -1.1473296862260852e-08 2.0731971298824949e-08 -1.7057055158654693e-08 8.7761270997923040e-08 -1.7057055158654697e-08 8.2377905321565309e-08</rotation_covariance>
        <location_covariance>1.1442601065530220e-05 8.9977704036630298e-07 5.5732294841782759e-06 8.9977704036630298e-07 1.6577694905103011e-05 1.3615255084823870e-07 5.5732294841782759e-06 1.3615255084823870e-07 1.6991915284743654e-05</location_covariance>
        <orientation>1</orientation>
      </camera>
      <camera id="20" sensor_id="0" component_id="0" label="PXL_20221208_192432663">
        <transform>-9.9164090357589396e-01 -1.2264959504780604e-01 -4.0067383116364569e-02 5.3166813858188955e-01 1.2743684304011485e-01 -8.8236746214372030e-01 -4.5297628280741092e-01 2.9136910681715804e+00 2.0203202497462644e-02 -4.5429587119481923e-01 8.9062174463920807e-01 -1.4734075435475873e+01 0 0 0 1</transform>
        <rotation_covariance>2.3824686923495598e-07 -1.5686192910573333e-08 9.2851065015646895e-08 -1.5686192910573336e-08 2.3671030719896320e-08 -2.1947947743085513e-08 9.2851065015646882e-08 -2.1947947743085513e-08 9.2400708619277323e-08</rotation_covariance>
        <location_covariance>1.1060383674512197e-05 6.6433035785190745e-07 5.1118336191754934e-06 6.6433035785190745e-07 1.5553078279993895e-05 -6.7860261159717281e-08 5.1118336191754934e-06 -6.7860261159717281e-08 1.6339352512400544e-05</location_covariance>
        <orientation>1</orientation>
      </camera>
      <camera id="21" sensor_id="0" component_id="0" label="PXL_20221208_192442819">
        <transform>-3.3474461317453669e-01 2.5670991148031019e-01 -9.0666756051951070e-01 7.2772176970205029e+00 1.6645562818525728e-01 -9.3093675806463616e-01 -3.2503734605358292e-01 1.2227383557943658e+00 -9.2749046776561561e-01 -2.5972441901345478e-01 2.6889525539146725e-01 -1.0457931569445172e+01 0 0 0 1</transform>
        <rotation_covariance>3.0324384580328733e-08 -1.5027269241318756e-08 3.4052435030296697e-08 -1.5027269241318753e-08 2.1211138019881185e-08 -2.1352521461394257e-08 3.4052435030296697e-08 -2.1352521461394261e-08 6.2028060704728948e-08</rotation_covariance>
        <location_covariance>2.4584338446468160e-06 3.6954056269326845e-07 -4.4362963978997498e-07 3.6954056269326845e-07 3.2743472069349389e-06 -1.2526235335850829e-06 -4.4362963978997498e-07 -1.2526235335850829e-06 5.2586575906405405e-06</location_covariance>
        <orientation>1</orientation>
      </camera>
      <camera id="22" sensor_id="0" component_id="0" label="PXL_20221208_192443832">
        <transform>-3.0782767875083256e-01 2.1310807173551599e-01 -9.2726860723095972e-01 7.3967747629855740e+00 1.7169335209784634e-01 -9.4615076825424160e-01 -2.7444510667401750e-01 1.2498086966652087e+00 -9.3582237259016154e-01 -2.4368765560257216e-01 2.5466215554464128e-01 -1.0346582834209098e+01 0 0 0 1</transform>
        <rotation_covariance>2.8310465253768678e-08 -1.2687484533400458e-08 3.3163406259182494e-08 -1.2687484533400458e-08 1.8999379718446171e-08 -1.9149334486655708e-08 3.3163406259182494e-08 -1.9149334486655708e-08 6.2849300513416963e-08</rotation_covariance>
        <location_covariance>2.4061026359463218e-06 3.0793914001990670e-07 -5.0081987611447124e-07 3.0793914001990670e-07 3.1774585307741421e-06 -1.2122941610609391e-06 -5.0081987611447124e-07 -1.2122941610609391e-06 5.1051325480617203e-06</location_covariance>
        <orientation>1</orientation>
      </camera>
      <camera id="23" sensor_id="0" component_id="0" label="PXL_20221208_192445382">
        <transform>-2.4328941767312273e-01 2.4939148427223562e-01 -9.3734419869158181e-01 7.5456117472598816e+00 1.9074658508700645e-01 -9.3520795213968000e-01 -2.9833173906299293e-01 1.1865923826683504e+00 -9.5101314371880141e-01 -2.5137616002158147e-01 1.7995562410462812e-01 -9.2112453702361634e+00 0 0 0 1</transform>
        <rotation_covariance>2.3653609367907092e-08 -1.1611368909877699e-08 2.6786148500638354e-08 -1.1611368909877700e-08 1.7983568178955650e-08 -1.9233957460095014e-08 2.6786148500638354e-08 -1.9233957460095011e-08 5.5245423795082817e-08</rotation_covariance>
        <location_covariance>1.9729654076011744e-06 2.9766209438345087e-07 -4.2302621952243631e-07 2.9766209438345087e-07 2.4195799600490206e-06 -9.2806989789979815e-07 -4.2302621952243631e-07 -9.2806989789979815e-07 3.6283342257157187e-06</location_covariance>
        <orientation>1</orientation>
      </camera>
      <camera id="24" sensor_id="0" component_id="0" label="PXL_20221208_192446786">
        <transform>-1.5304875036460328e-01 2.5379819663448761e-01 -9.5507201581708734e-01 7.6313922396711869e+00 2.2411024276310162e-01 -9.3236362933875860e-01 -2.8367703779989212e-01 1.1848682912397892e+00 -9.6247113156733044e-01 -2.5745783746341838e-01 8.5818312895110882e-02 -8.4408160838913009e+00 0 0 0 1</transform>
        <rotation_covariance>1.9042764178564602e-08 -9.8555895594425874e-09 2.1194833337671589e-08 -9.8555895594425857e-09 1.7118685782211251e-08 -1.8757914148179193e-08 2.1194833337671589e-08 -1.8757914148179190e-08 5.0014390312150606e-08</rotation_covariance>
        <location_covariance>1.6599632880456494e-06 2.6126169231382660e-07 -3.5777220608535791e-07 2.6126169231382660e-07 2.0246217893405435e-06 -7.4852657571549345e-07 -3.5777220608535791e-07 -7.4852657571549345e-07 2.7777993473352630e-06</location_covariance>
        <orientation>1</orientation>
      </camera>
      <camera id="25" sensor_id="0" component_id="0" label="PXL_20221208_192448571">
        <transform>-6.7605261143075968e-02 2.1564951068513261e-01 -9.7412772119832380e-01 7.4990737219178758e+00 2.1864586186069854e-01 -9.4942561874639908e-01 -2.2535523415090453e-01 9.6872808666320220e-01 -9.7345956041171489e-01 -2.2822419461853657e-01 1.7035293767688309e-02 -7.5026465908936348e+00 0 0 0 1</transform>
        <rotation_covariance>1.5196536443778152e-08 -7.0202255822675250e-09 1.6560573451895070e-08 -7.0202255822675225e-09 1.4465060143304986e-08 -1.5572553237625402e-08 1.6560573451895070e-08 -1.5572553237625398e-08 4.4904613400507978e-08</rotation_covariance>
        <location_covariance>1.3183329712336333e-06 9.5469122692758984e-08 -2.5424191717887361e-07 9.5469122692758984e-08 1.5784589821460021e-06 -4.6931234295381822e-07 -2.5424191717887361e-07 -4.6931234295381822e-07 1.9209981018430236e-06</location_covariance>
        <orientation>1</orientation>
      </camera>
      <camera id="26" sensor_id="0" component_id="0" label="PXL_20221208_192449510">
        <transform>-2.3270736876965376e-02 1.8609096610736814e-01 -9.8225690383851705e-01 7.4172769977520865e+00 2.2483463091388059e-01 -9.5637939569974084e-01 -1.8651498659040275e-01 8.4828896655695141e-01 -9.7411901816308999e-01 -2.2518570961370010e-01 -1.9584040409277463e-02 -6.9207779254846935e+00 0 0 0 1</transform>
        <rotation_covariance>1.3632824055955205e-08 -5.7335291163404442e-09 1.4181533985685164e-08 -5.7335291163404442e-09 1.2863896822460935e-08 -1.3598378778314296e-08 1.4181533985685166e-08 -1.3598378778314294e-08 4.1506317986485778e-08</rotation_covariance>
        <location_covariance>1.1529602271142280e-06 8.2542731451769589e-09 -1.9410795967732046e-07 8.2542731451769589e-09 1.3524236898223761e-06 -3.3551197721228895e-07 -1.9410795967732046e-07 -3.3551197721228895e-07 1.4229505291756973e-06</location_covariance>
        <orientation>1</orientation>
      </camera>
      <camera id="27" sensor_id="0" component_id="0" label="PXL_20221208_192450439">
        <transform>4.5186404380561734e-02 1.6589208222066043e-01 -9.8510811889642302e-01 7.2702634461075872e+00 2.4468436143874717e-01 -9.5791583534830105e-01 -1.5008935890421637e-01 6.9526242862816634e-01 -9.6854930288884544e-01 -2.3425855255563172e-01 -8.3875970504498493e-02 -6.4060806972456898e+00 0 0 0 1</transform>
        <rotation_covariance>1.1803931588715454e-08 -4.6832989726473513e-09 1.1120169519793379e-08 -4.6832989726473497e-09 1.2314850384124579e-08 -1.2802213514424015e-08 1.1120169519793377e-08 -1.2802213514424013e-08 3.8031936149789358e-08</rotation_covariance>
        <location_covariance>9.9257699973836384e-07 -5.8074780851318641e-08 -1.3939190715810245e-07 -5.8074780851318641e-08 1.1812792461821806e-06 -2.3809991370519204e-07 -1.3939190715810245e-07 -2.3809991370519204e-07 1.0549783454664390e-06</location_covariance>
        <orientation>1</orientation>
      </camera>
      <camera id="28" sensor_id="0" component_id="0" label="PXL_20221208_192451399">
        <transform>1.8966335434880549e-01 2.0966876573172644e-01 -9.5920113672456342e-01 6.9014947125237622e+00 2.5775709302076194e-01 -9.5330087333147506e-01 -1.5741259766274610e-01 4.0643873764688759e-01 -9.4741178640264245e-01 -2.1738549533485840e-01 -2.3484985289195387e-01 -5.5848471947606955e+00 0 0 0 1</transform>
        <rotation_covariance>9.6183656208002022e-09 -3.2511796106275555e-09 5.8952085641140739e-09 -3.2511796106275551e-09 1.3643090817086168e-08 -1.2995914216429824e-08 5.8952085641140756e-09 -1.2995914216429824e-08 2.9528198611360689e-08</rotation_covariance>
        <location_covariance>7.1824852283285319e-07 -7.1619570946015871e-08 -4.0029849771678928e-08 -7.1619570946015871e-08 9.9826884919259222e-07 -1.0383837704738716e-07 -4.0029849771678928e-08 -1.0383837704738716e-07 4.9624687269293986e-07</location_covariance>
        <orientation>1</orientation>
      </camera>
      <camera id="29" sensor_id="0" component_id="0" label="PXL_20221208_192453022">
        <transform>3.8862694546146914e-01 1.6427864133831233e-01 -9.0663202307293689e-01 6.3538388644845147e+00 2.2402500924001595e-01 -9.7129705797600130e-01 -7.9967620961078234e-02 6.2025975503545508e-03 -8.9374598880011724e-01 -1.7203067507628439e-01 -4.1427473292067729e-01 -4.5850597585134363e+00 0 0 0 1</transform>
        <rotation_covariance>7.8585563097253414e-09 -1.4783036255288270e-10 5.3235048034344063e-10 -1.4783036255288311e-10 1.3713886575599906e-08 -1.0773524987022311e-08 5.3235048034344104e-10 -1.0773524987022309e-08 2.0568216518512468e-08</rotation_covariance>
        <location_covariance>5.8507834002166965e-07 -5.7350936529210206e-08 1.0969328026288101e-09 -5.7350936529210219e-08 8.7690927241762270e-07 2.2630298824731064e-10 1.0969328026288101e-09 2.2630298824731064e-10 2.1844853806198553e-12</location_covariance>
        <orientation>1</orientation>
      </camera>
    </cameras>
    <reference>LOCAL_CS["Local Coordinates (m)",LOCAL_DATUM["Local Datum",0],UNIT["metre",1,AUTHORITY["EPSG","9001"]]]</reference>
    <region>
      <center>2.5851055196943862e-02 -6.7340178147748175e-01 -7.5386264452605083e+00</center>
      <size>1.9993903716405235e+01 2.2949242432912193e+01 1.7977961142857872e+01</size>
      <R>-9.1217830742934192e-01 -9.4599155456950260e-02 -3.9872513745959515e-01 -3.4770306560299136e-01 -3.3626024796755932e-01 8.7523232561821984e-01 -2.1687165242516865e-01 9.3700589401754963e-01 2.7383688749098345e-01</R>
    </region>
    <settings>
      <property name="accuracy_tiepoints" value="1"/>
      <property name="accuracy_cameras" value="10"/>
      <property name="accuracy_cameras_ypr" value="10"/>
      <property name="accuracy_markers" value="0.0050000000000000001"/>
      <property name="accuracy_scalebars" value="0.001"/>
      <property name="accuracy_projections" value="0.5"/>
    </settings>
    <meta>
      <property name="AlignCameras/adaptive_fitting" value="false"/>
      <property name="AlignCameras/cameras" value=""/>
      <property name="AlignCameras/duration" value="37.703"/>
      <property name="AlignCameras/min_image" value="2"/>
      <property name="AlignCameras/ram_used" value="40550400"/>
      <property name="AlignCameras/reset_alignment" value="false"/>
      <property name="AlignCameras/subdivide_task" value="true"/>
      <property name="OptimizeCameras/sigma0" value="0.45719179343639"/>
    </meta>
  </chunk>
</document>
