{
    "camera_angle_x": 1.3388048288530046,
    "camera_angle_y": 1.6204431838084665,
    "fl_x": 1941.1538091173893,
    "fl_y": 1941.1538091173893,
    "k1": -0.016067994262301544,
    "k2": 0.015510154429709298,
    "p1": 0.0004197393007333645,
    "p2": 0.0005186882617083818,
    "cx": 1521.679561989917,
    "cy": 2044.6726604504242,
    "w": 3072.0,
    "h": 4080.0,
    "aabb_scale": 16,
    "frames": [
        {
            "file_path": "./images/PXL_20221208_192348477.jpg",
            "sharpness": 177.24083794395463,
            "transform_matrix": [
                [
                    -0.6960868378519256,
                    0.07639990695769347,
                    0.7138810603918294,
                    6.628047587604497
                ],
                [
                    0.7065361562962782,
                    -0.10375797784885443,
                    0.700029243588293,
                    5.742445099298399
                ],
                [
                    0.12755302432866233,
                    0.9916639230352043,
                    0.018245266099437718,
                    0.5047472206630667
                ],
                [
                    0.0,
                    0.0,
                    0.0,
                    1.0
                ]
            ]
        },
        {
            "file_path": "./images/PXL_20221208_192351096.jpg",
            "sharpness": 124.17681166518665,
            "transform_matrix": [
                [
                    -0.5090958780499764,
                    0.07561334668891487,
                    0.8573820669660783,
                    7.2887747458813195
                ],
                [
                    0.8535480477634542,
                    -0.08388381233013793,
                    0.5142171099721969,
                    4.657018027029048
                ],
                [
                    0.11080215301030787,
                    0.9936026005559085,
                    -0.02183472135879347,
                    0.3184327553112349
                ],
                [
                    0.0,
                    0.0,
                    0.0,
                    1.0
                ]
            ]
        },
        {
            "file_path": "./images/PXL_20221208_192353645.jpg",
            "sharpness": 127.49359011140868,
            "transform_matrix": [
                [
                    -0.26898720282823474,
                    0.037866330632955456,
                    0.9623990989807907,
                    8.13866923350595
                ],
                [
                    0.9601057193265916,
                    -0.0687605419826836,
                    0.2710516474449384,
                    2.440524789135827
                ],
                [
                    0.07643881495032281,
                    0.996914303674415,
                    -0.017859974757736798,
                    -0.15472355827744433
                ],
                [
                    0.0,
                    0.0,
                    0.0,
                    1.0
                ]
            ]
        },
        {
            "file_path": "./images/PXL_20221208_192357389.jpg",
            "sharpness": 119.26988828104277,
            "transform_matrix": [
                [
                    0.013826645033781766,
                    -0.00859328040003321,
                    0.9998674809288859,
                    7.660773881343312
                ],
                [
                    0.9999001294266661,
                    0.003043902044217453,
                    -0.01380093594225033,
                    -0.7446236462794116
                ],
                [
                    -0.0029249033568113365,
                    0.9999584442327145,
                    0.008634509137275592,
                    0.637109460058251
                ],
                [
                    0.0,
                    0.0,
                    0.0,
                    1.0
                ]
            ]
        },
        {
            "file_path": "./images/PXL_20221208_192358758.jpg",
            "sharpness": 122.39666570595907,
            "transform_matrix": [
                [
                    -0.08476214305895173,
                    0.010987729045034422,
                    0.9963406289590356,
                    7.433146537052299
                ],
                [
                    0.9961759772865448,
                    -0.020325659528457083,
                    0.08497228867065937,
                    0.2515750859565016
                ],
                [
                    0.02118493288283979,
                    0.9997330330519074,
                    -0.009222865258878138,
                    0.49911476962903756
                ],
                [
                    0.0,
                    0.0,
                    0.0,
                    1.0
                ]
            ]
        },
        {
            "file_path": "./images/PXL_20221208_192400501.jpg",
            "sharpness": 141.5431605518635,
            "transform_matrix": [
                [
                    -0.22326451167307274,
                    -0.010483225700098492,
                    0.9747015234451544,
                    7.01915690401279
                ],
                [
                    0.9740421379202542,
                    -0.04071229455881661,
                    0.22267559953326063,
                    1.4539906321954963
                ],
                [
                    0.037347976961614494,
                    0.9991159147219495,
                    0.01930071413698911,
                    0.28192754777567053
                ],
                [
                    0.0,
                    0.0,
                    0.0,
                    1.0
                ]
            ]
        },
        {
            "file_path": "./images/PXL_20221208_192405432.jpg",
            "sharpness": 162.96403335608045,
            "transform_matrix": [
                [
                    0.8758936171377627,
                    0.06390783308540098,
                    0.4782532387006444,
                    5.331379262453045
                ],
                [
                    0.44961671764861,
                    0.2515677885310923,
                    -0.857063857005105,
                    -7.216720237206252
                ],
                [
                    -0.17508620353476587,
                    0.9657274132196438,
                    0.19161259010795317,
                    2.3440954442649593
                ],
                [
                    0.0,
                    0.0,
                    0.0,
                    1.0
                ]
            ]
        },
        {
            "file_path": "./images/PXL_20221208_192406813.jpg",
            "sharpness": 130.94619395907915,
            "transform_matrix": [
                [
                    0.8889412981427165,
                    0.09115065988999232,
                    0.4488595834534014,
                    4.0131811734950755
                ],
                [
                    0.41364931481781037,
                    0.2610241451532802,
                    -0.8722159365648828,
                    -7.735847767763816
                ],
                [
                    -0.19666624724923834,
                    0.9610192260556587,
                    0.1943307344304626,
                    2.339526378302493
                ],
                [
                    0.0,
                    0.0,
                    0.0,
                    1.0
                ]
            ]
        },
        {
            "file_path": "./images/PXL_20221208_192408335.jpg",
            "sharpness": 166.97999385625303,
            "transform_matrix": [
                [
                    0.9567139698425906,
                    0.10880272525364978,
                    0.2699265583180158,
                    2.7011966606589946
                ],
                [
                    0.2317933105068569,
                    0.27597430638426657,
                    -0.9327968929086302,
                    -8.275832123773323
                ],
                [
                    -0.17598363876310263,
                    0.9549869890177046,
                    0.23880873035673578,
                    2.359702992953188
                ],
                [
                    0.0,
                    0.0,
                    0.0,
                    1.0
                ]
            ]
        },
        {
            "file_path": "./images/PXL_20221208_192410207.jpg",
            "sharpness": 167.20093139275812,
            "transform_matrix": [
                [
                    0.9821576151249878,
                    0.1812551273012955,
                    0.050129810282786236,
                    1.0834049921681776
                ],
                [
                    0.0003956403366347505,
                    0.26457130563097775,
                    -0.9643660444589721,
                    -8.480536868671832
                ],
                [
                    -0.18805919951100786,
                    0.9471792877083572,
                    0.25977901072944276,
                    2.3392724282343678
                ],
                [
                    0.0,
                    0.0,
                    0.0,
                    1.0
                ]
            ]
        },
        {
            "file_path": "./images/PXL_20221208_192415734.jpg",
            "sharpness": 194.63386884685895,
            "transform_matrix": [
                [
                    0.9045307618864326,
                    0.2795373009078692,
                    -0.32199844440973985,
                    -2.684142344693579
                ],
                [
                    -0.4046099853622831,
                    0.3243103085201863,
                    -0.8550518016662348,
                    -7.996985403470108
                ],
                [
                    -0.13459145792464713,
                    0.9037044434928299,
                    0.40645223368193306,
                    3.7484062720844915
                ],
                [
                    0.0,
                    0.0,
                    0.0,
                    1.0
                ]
            ]
        },
        {
            "file_path": "./images/PXL_20221208_192417206.jpg",
            "sharpness": 117.33653228969858,
            "transform_matrix": [
                [
                    0.9587338074320204,
                    0.24449317014265137,
                    -0.1450950593249082,
                    -0.7107436692843416
                ],
                [
                    -0.2273760369144749,
                    0.3530130566812877,
                    -0.9075692368351856,
                    -7.68850450392478
                ],
                [
                    -0.17067402943614268,
                    0.903108449504339,
                    0.3940374399849589,
                    3.0953476038730425
                ],
                [
                    0.0,
                    0.0,
                    0.0,
                    1.0
                ]
            ]
        },
        {
            "file_path": "./images/PXL_20221208_192418416.jpg",
            "sharpness": 185.38402751454078,
            "transform_matrix": [
                [
                    0.9774225262540845,
                    0.20661845713741614,
                    0.044204279671048285,
                    0.19278444465542943
                ],
                [
                    -0.03579279716853931,
                    0.36809329192057627,
                    -0.9290996739391986,
                    -7.787353370903158
                ],
                [
                    -0.2082404399772877,
                    0.9065407556272499,
                    0.36717812781378817,
                    2.8057536744847313
                ],
                [
                    0.0,
                    0.0,
                    0.0,
                    1.0
                ]
            ]
        },
        {
            "file_path": "./images/PXL_20221208_192421235.jpg",
            "sharpness": 180.56626206796295,
            "transform_matrix": [
                [
                    0.863665191213466,
                    0.2622844229449949,
                    -0.4304524584278948,
                    -3.8350139306220177
                ],
                [
                    -0.5023758274210877,
                    0.37801944058311443,
                    -0.7776373387152953,
                    -5.76009614186638
                ],
                [
                    -0.04124276311288369,
                    0.887867210804431,
                    0.4582475864302775,
                    2.861495174464705
                ],
                [
                    0.0,
                    0.0,
                    0.0,
                    1.0
                ]
            ]
        },
        {
            "file_path": "./images/PXL_20221208_192422699.jpg",
            "sharpness": 235.03697485664514,
            "transform_matrix": [
                [
                    0.7852767656367285,
                    0.2821361155787074,
                    -0.551125769346051,
                    -4.823692111069936
                ],
                [
                    -0.6183962875550983,
                    0.3136479645361966,
                    -0.7205629645495056,
                    -5.381422822883726
                ],
                [
                    -0.030437360089041063,
                    0.9066554839785943,
                    0.4207723855986167,
                    2.983843034236432
                ],
                [
                    0.0,
                    0.0,
                    0.0,
                    1.0
                ]
            ]
        },
        {
            "file_path": "./images/PXL_20221208_192424056.jpg",
            "sharpness": 191.46508964585144,
            "transform_matrix": [
                [
                    0.7231464725524083,
                    0.27274047497878573,
                    -0.6345642698287981,
                    -5.647486542098027
                ],
                [
                    -0.6906401936594343,
                    0.2739897512897042,
                    -0.6692874861300375,
                    -4.7390833048529295
                ],
                [
                    -0.008677680396738857,
                    0.9222484749223249,
                    0.38650025661877496,
                    3.034987096673647
                ],
                [
                    0.0,
                    0.0,
                    0.0,
                    1.0
                ]
            ]
        },
        {
            "file_path": "./images/PXL_20221208_192426190.jpg",
            "sharpness": 207.68365032445698,
            "transform_matrix": [
                [
                    0.5682219707851468,
                    0.288411051940134,
                    -0.7706768823805664,
                    -6.166809696665333
                ],
                [
                    -0.8228310233180846,
                    0.2088641540392987,
                    -0.5285119414192664,
                    -3.872230218091592
                ],
                [
                    0.008538090088408203,
                    0.9344489447135319,
                    0.3559947622387278,
                    2.8327862316248513
                ],
                [
                    0.0,
                    0.0,
                    0.0,
                    1.0
                ]
            ]
        },
        {
            "file_path": "./images/PXL_20221208_192429729.jpg",
            "sharpness": 221.57576615076087,
            "transform_matrix": [
                [
                    0.20797192539385692,
                    0.44809333749294267,
                    -0.8694596247914035,
                    -7.185069234577152
                ],
                [
                    -0.975624858217652,
                    0.15866790713458118,
                    -0.15159363863077702,
                    -1.338840472778342
                ],
                [
                    0.07002723952690626,
                    0.8797936440665891,
                    0.47016946900481893,
                    3.5071311583713665
                ],
                [
                    0.0,
                    0.0,
                    0.0,
                    1.0
                ]
            ]
        },
        {
            "file_path": "./images/PXL_20221208_192430619.jpg",
            "sharpness": 210.26781872535167,
            "transform_matrix": [
                [
                    0.2005791013480339,
                    0.4293085735591821,
                    -0.8806033004542937,
                    -7.243564381938913
                ],
                [
                    -0.9757541627985447,
                    0.1679090095500801,
                    -0.14039365474700727,
                    -1.0471237222219152
                ],
                [
                    0.08758902832961414,
                    0.8874123692965352,
                    0.45257866601927044,
                    3.5288891511272955
                ],
                [
                    0.0,
                    0.0,
                    0.0,
                    1.0
                ]
            ]
        },
        {
            "file_path": "./images/PXL_20221208_192431480.jpg",
            "sharpness": 212.79813159720433,
            "transform_matrix": [
                [
                    0.12326095404784995,
                    0.4326791136448661,
                    -0.8930820353263782,
                    -7.194027095205727
                ],
                [
                    -0.9862538501668185,
                    0.15320697417848364,
                    -0.06189479860376756,
                    -0.6072254899588277
                ],
                [
                    0.1100458097264103,
                    0.8884348077819597,
                    0.44561587952304005,
                    3.5168222441561845
                ],
                [
                    0.0,
                    0.0,
                    0.0,
                    1.0
                ]
            ]
        },
        {
            "file_path": "./images/PXL_20221208_192432663.jpg",
            "sharpness": 140.09591295810682,
            "transform_matrix": [
                [
                    0.020203202497462644,
                    0.45429587119481923,
                    -0.8906217446392081,
                    -7.088960307028896
                ],
                [
                    -0.991640903575894,
                    0.12264959504780604,
                    0.04006738311636457,
                    -0.0729021826527041
                ],
                [
                    0.12743684304011485,
                    0.8823674621437203,
                    0.4529762828074109,
                    3.413602740578425
                ],
                [
                    0.0,
                    0.0,
                    0.0,
                    1.0
                ]
            ]
        },
        {
            "file_path": "./images/PXL_20221208_192442819.jpg",
            "sharpness": 191.87151460285406,
            "transform_matrix": [
                [
                    -0.9274904677656156,
                    0.2597244190134548,
                    -0.26889525539146725,
                    -2.812816440998195
                ],
                [
                    -0.3347446131745367,
                    -0.2567099114803102,
                    0.9066675605195107,
                    6.6726473757859095
                ],
                [
                    0.16645562818525728,
                    0.9309367580646362,
                    0.3250373460535829,
                    1.72265002820121
                ],
                [
                    0.0,
                    0.0,
                    0.0,
                    1.0
                ]
            ]
        },
        {
            "file_path": "./images/PXL_20221208_192443832.jpg",
            "sharpness": 167.39613562067805,
            "transform_matrix": [
                [
                    -0.9358223725901615,
                    0.24368765560257216,
                    -0.2546621555446413,
                    -2.701467705762121
                ],
                [
                    -0.30782767875083256,
                    -0.213108071735516,
                    0.9272686072309597,
                    6.792204441750981
                ],
                [
                    0.17169335209784634,
                    0.9461507682542416,
                    0.2744451066740175,
                    1.7497203690720529
                ],
                [
                    0.0,
                    0.0,
                    0.0,
                    1.0
                ]
            ]
        },
        {
            "file_path": "./images/PXL_20221208_192445382.jpg",
            "sharpness": 131.2449016095258,
            "transform_matrix": [
                [
                    -0.9510131437188014,
                    0.2513761600215815,
                    -0.17995562410462812,
                    -1.5661302417891863
                ],
                [
                    -0.24328941767312273,
                    -0.24939148427223562,
                    0.9373441986915818,
                    6.941041426025288
                ],
                [
                    0.19074658508700645,
                    0.93520795213968,
                    0.29833173906299293,
                    1.6865040550751949
                ],
                [
                    0.0,
                    0.0,
                    0.0,
                    1.0
                ]
            ]
        },
        {
            "file_path": "./images/PXL_20221208_192446786.jpg",
            "sharpness": 141.2494232331743,
            "transform_matrix": [
                [
                    -0.9624711315673304,
                    0.2574578374634184,
                    -0.08581831289511088,
                    -0.7957009554443237
                ],
                [
                    -0.15304875036460328,
                    -0.2537981966344876,
                    0.9550720158170873,
                    7.026821918436593
                ],
                [
                    0.22411024276310162,
                    0.9323636293387586,
                    0.2836770377998921,
                    1.6847799636466334
                ],
                [
                    0.0,
                    0.0,
                    0.0,
                    1.0
                ]
            ]
        },
        {
            "file_path": "./images/PXL_20221208_192448571.jpg",
            "sharpness": 155.04934065945451,
            "transform_matrix": [
                [
                    -0.9734595604117149,
                    0.22822419461853657,
                    -0.01703529376768831,
                    0.14246853755334232
                ],
                [
                    -0.06760526114307597,
                    -0.2156495106851326,
                    0.9741277211983238,
                    6.894503400683282
                ],
                [
                    0.21864586186069854,
                    0.9494256187463991,
                    0.22535523415090453,
                    1.4686397590700464
                ],
                [
                    0.0,
                    0.0,
                    0.0,
                    1.0
                ]
            ]
        },
        {
            "file_path": "./images/PXL_20221208_192449510.jpg",
            "sharpness": 125.08504909887534,
            "transform_matrix": [
                [
                    -0.97411901816309,
                    0.2251857096137001,
                    0.019584040409277463,
                    0.7243372029622837
                ],
                [
                    -0.023270736876965376,
                    -0.18609096610736814,
                    0.982256903838517,
                    6.812706676517493
                ],
                [
                    0.2248346309138806,
                    0.9563793956997408,
                    0.18651498659040275,
                    1.3482006389637957
                ],
                [
                    0.0,
                    0.0,
                    0.0,
                    1.0
                ]
            ]
        },
        {
            "file_path": "./images/PXL_20221208_192450439.jpg",
            "sharpness": 122.0674258953778,
            "transform_matrix": [
                [
                    -0.9685493028888454,
                    0.23425855255563172,
                    0.08387597050449849,
                    1.2390344312012873
                ],
                [
                    0.045186404380561734,
                    -0.16589208222066043,
                    0.985108118896423,
                    6.665693124872994
                ],
                [
                    0.24468436143874717,
                    0.957915835348301,
                    0.15008935890421637,
                    1.1951741010350108
                ],
                [
                    0.0,
                    0.0,
                    0.0,
                    1.0
                ]
            ]
        },
        {
            "file_path": "./images/PXL_20221208_192451399.jpg",
            "sharpness": 125.42786410438652,
            "transform_matrix": [
                [
                    -0.9474117864026425,
                    0.2173854953348584,
                    0.23484985289195387,
                    2.0602679336862817
                ],
                [
                    0.1896633543488055,
                    -0.20966876573172644,
                    0.9592011367245634,
                    6.296924391289169
                ],
                [
                    0.25775709302076194,
                    0.9533008733314751,
                    0.1574125976627461,
                    0.9063504100537318
                ],
                [
                    0.0,
                    0.0,
                    0.0,
                    1.0
                ]
            ]
        },
        {
            "file_path": "./images/PXL_20221208_192453022.jpg",
            "sharpness": 140.09607818621336,
            "transform_matrix": [
                [
                    -0.8937459888001172,
                    0.1720306750762844,
                    0.4142747329206773,
                    3.060055369933541
                ],
                [
                    0.38862694546146914,
                    -0.16427864133831233,
                    0.9066320230729369,
                    5.749268543249921
                ],
                [
                    0.22402500924001595,
                    0.9712970579760013,
                    0.07996762096107823,
                    0.5061142699571989
                ],
                [
                    0.0,
                    0.0,
                    0.0,
                    1.0
                ]
            ]
        }
    ]
}